Peso: 70 Altura: 1.8 IMC: 21.604938271604937
Peso: 50 Altura: 1.8 IMC: 15.432098765432098
